Çrş May  1 11:59:43 +03 2019
128 0 1
mAP: 0.12733333333333333 

128 0 2
mAP: 0.218 

128 0 4
mAP: 0.26666666666666666 

128 0 16
mAP: 0.164 


128 2 1
mAP: 0.304 

128 2 2
mAP: 0.42 

128 2 4
mAP: 0.45866666666666667 

128 2 16
mAP: 0.38133333333333336 


128 3 1
128 3 2
128 3 4
128 3 16

128 4 1
128 4 2
128 4 4
128 4 16

128 7 1
128 7 2
128 7 4
128 7 16

128 15 1
128 15 2
128 15 4
128 15 16
Çrş May  1 12:01:06 +03 2019
Çrş May  1 12:04:15 +03 2019
128 0 1
mAP: 0.12733333333333333 

128 0 2
mAP: 0.218 

128 0 4
mAP: 0.26666666666666666 

128 0 16
mAP: 0.164 


128 2 1
mAP: 0.304 

128 2 2
mAP: 0.42 

128 2 4
mAP: 0.45866666666666667 

128 2 16
mAP: 0.38133333333333336 


128 3 1
mAP: 0.3006666666666667 

128 3 2
mAP: 0.418 

128 3 4
mAP: 0.4513333333333333 

128 3 16
mAP: 0.39 


128 4 1
mAP: 0.288 

128 4 2
mAP: 0.4033333333333333 

128 4 4
mAP: 0.4206666666666667 

128 4 16
mAP: 0.35933333333333334 


128 7 1
mAP: 0.24866666666666667 

128 7 2
mAP: 0.35933333333333334 

128 7 4
mAP: 0.406 

128 7 16
mAP: 0.3293333333333333 


128 15 1
mAP: 0.154 

128 15 2
mAP: 0.24466666666666667 

128 15 4
mAP: 0.37333333333333335 

128 15 16
mAP: 0.304 

Çrş May  1 12:12:29 +03 2019
