Cum May  3 17:05:44 +03 2019
16 0 1
mAP: 0.12333333333333334 

16 0 2
mAP: 0.12333333333333334 

16 0 4
mAP: 0.12533333333333332 

16 0 16
mAP: 0.16866666666666666 

16 2 1
mAP: 0.18733333333333332 

16 2 2
mAP: 0.18733333333333332 

16 2 4
mAP: 0.19533333333333333 

16 2 16
mAP: 0.22066666666666668 

16 3 1
mAP: 0.21533333333333332 

16 3 2
mAP: 0.21533333333333332 

16 3 4
mAP: 0.224 

16 3 16
mAP: 0.256 

16 4 1
mAP: 0.24466666666666667 

16 4 2
mAP: 0.24466666666666667 

16 4 4
mAP: 0.26266666666666666 

16 4 16
mAP: 0.29933333333333334 

16 7 1
mAP: 0.18133333333333335 

16 7 2
mAP: 0.18133333333333335 

16 7 4
mAP: 0.20333333333333334 

16 7 16
mAP: 0.228 

16 15 1
mAP: 0.068 

16 15 2
mAP: 0.068 

16 15 4
mAP: 0.10133333333333333 

16 15 16
mAP: 0.10133333333333333 

32 0 1
mAP: 0.13466666666666666 

32 0 2
mAP: 0.13466666666666666 

32 0 4
mAP: 0.15466666666666667 

32 0 16
mAP: 0.17933333333333334 

32 2 1
mAP: 0.23466666666666666 

32 2 2
mAP: 0.23466666666666666 

32 2 4
mAP: 0.23933333333333334 

32 2 16
mAP: 0.2693333333333333 

32 3 1
mAP: 0.256 

32 3 2
mAP: 0.256 

32 3 4
mAP: 0.25 

32 3 16
mAP: 0.2946666666666667 

32 4 1
mAP: 0.24866666666666667 

32 4 2
mAP: 0.24866666666666667 

32 4 4
mAP: 0.26466666666666666 

32 4 16
mAP: 0.302 

32 7 1
mAP: 0.21133333333333335 

32 7 2
mAP: 0.21133333333333335 

32 7 4
mAP: 0.234 

32 7 16
mAP: 0.25066666666666665 

32 15 1
mAP: 0.08466666666666667 

32 15 2
mAP: 0.08466666666666667 

32 15 4
mAP: 0.16333333333333333 

32 15 16
mAP: 0.182 

64 0 1
mAP: 0.146 

64 0 2
mAP: 0.146 

64 0 4
mAP: 0.13333333333333333 

64 0 16
mAP: 0.17466666666666666 

64 2 1
mAP: 0.26266666666666666 

64 2 2
mAP: 0.26266666666666666 

64 2 4
mAP: 0.286 

64 2 16
mAP: 0.30933333333333335 

64 3 1
mAP: 0.272 

64 3 2
mAP: 0.272 

64 3 4
mAP: 0.2906666666666667 

64 3 16
mAP: 0.3253333333333333 

64 4 1
mAP: 0.2786666666666667 

64 4 2
mAP: 0.2786666666666667 

64 4 4
mAP: 0.2926666666666667 

64 4 16
mAP: 0.3 

64 7 1
mAP: 0.22533333333333333 

64 7 2
mAP: 0.22533333333333333 

64 7 4
mAP: 0.246 

64 7 16
mAP: 0.2733333333333333 

64 15 1
mAP: 0.116 

64 15 2
mAP: 0.116 

64 15 4
mAP: 0.15933333333333333 

64 15 16
mAP: 0.19666666666666666 

128 0 1
mAP: 0.12733333333333333 

128 0 2
mAP: 0.12733333333333333 

128 0 4
mAP: 0.142 

128 0 16
mAP: 0.12533333333333332 

128 2 1
mAP: 0.304 

128 2 2
mAP: 0.304 

128 2 4
mAP: 0.31133333333333335 

128 2 16
mAP: 0.32266666666666666 

128 3 1
mAP: 0.3006666666666667 

128 3 2
mAP: 0.3006666666666667 

128 3 4
mAP: 0.31733333333333336 

128 3 16
mAP: 0.3413333333333333 

128 4 1
mAP: 0.288 

128 4 2
mAP: 0.288 

128 4 4
mAP: 0.30466666666666664 

128 4 16
mAP: 0.32266666666666666 

128 7 1
mAP: 0.24866666666666667 

128 7 2
mAP: 0.24866666666666667 

128 7 4
mAP: 0.276 

128 7 16
mAP: 0.2833333333333333 

128 15 1
mAP: 0.154 

128 15 2
mAP: 0.154 

128 15 4
mAP: 0.22933333333333333 

128 15 16
mAP: 0.256 

Cum May  3 17:17:20 +03 2019
