16 0 1
mAP: 0.07266666666666667 

16 0 2
mAP: 0.07266666666666667 

16 0 4
mAP: 0.15466666666666667 

16 0 16
mAP: 0.17666666666666667 

32 0 1
mAP: 0.08933333333333333 

32 0 2
mAP: 0.08933333333333333 

32 0 4
mAP: 0.16866666666666666 

32 0 16
mAP: 0.21933333333333332 

64 0 1
mAP: 0.12666666666666668 

64 0 2
mAP: 0.12666666666666668 

64 0 4
mAP: 0.206 

64 0 16
mAP: 0.25 

128 0 1
mAP: 0.18 

128 0 2
mAP: 0.18 

128 0 4
mAP: 0.22866666666666666 

128 0 16
mAP: 0.2793333333333333 

##############################################################

16 2 1
mAP: 0.21866666666666668 

16 2 2
mAP: 0.21866666666666668 

16 2 4
mAP: 0.22933333333333333 

16 2 16
mAP: 0.2613333333333333 

32 2 1
mAP: 0.276 

32 2 2
mAP: 0.276 

32 2 4
mAP: 0.2853333333333333 

32 2 16
mAP: 0.324 

64 2 1
mAP: 0.346 

64 2 2
mAP: 0.346 

64 2 4
mAP: 0.3546666666666667 

64 2 16
mAP: 0.3893333333333333

128 2 1
mAP: 0.354 

128 2 2
mAP: 0.354 

128 2 4
mAP: 0.372 

128 2 16
mAP: 0.41333333333333333

##############################################################

16 3 1
mAP: 0.26266666666666666 

16 3 2
mAP: 0.26266666666666666 

16 3 4
mAP: 0.26866666666666666 

16 3 16
mAP: 0.29333333333333333  

32 3 1
mAP: 0.30466666666666664 

32 3 2
mAP: 0.30466666666666664 

32 3 4
mAP: 0.316 

32 3 16
mAP: 0.326 

64 3 1
mAP: 0.33 

64 3 2
mAP: 0.33 

64 3 4
mAP: 0.34 

64 3 16
mAP: 0.36933333333333335 

128 3 1
mAP: 0.354 

128 3 2
mAP: 0.354 

128 3 4
mAP: 0.36733333333333335 

128 3 16
mAP: 0.4093333333333333

##############################################################

16 4 1
mAP: 0.274 

16 4 2
mAP: 0.274 

16 4 4
mAP: 0.2813333333333333 

16 4 16
mAP: 0.31333333333333335 

32 4 1
mAP: 0.31133333333333335 

32 4 2
mAP: 0.31133333333333335 

32 4 4
mAP: 0.31466666666666665 

32 4 16
mAP: 0.3373333333333333

64 4 1
mAP: 0.32 

64 4 2
mAP: 0.32 

64 4 4
mAP: 0.344 

64 4 16
mAP: 0.37066666666666664 

128 4 1
mAP: 0.358 

128 4 2
mAP: 0.358 

128 4 4
mAP: 0.368 

128 4 16
mAP: 0.388 

##############################################################

16 7 1
mAP: 0.19533333333333333 

16 7 2
mAP: 0.19533333333333333 

16 7 4
mAP: 0.21666666666666667 

16 7 16
mAP: 0.228 

32 7 1
mAP: 0.224 

32 7 2
mAP: 0.224 

32 7 4
mAP: 0.23066666666666666 

32 7 16
mAP: 0.278

64 7 1
mAP: 0.24866666666666667 

64 7 2
mAP: 0.24866666666666667 

64 7 4
mAP: 0.262 

64 7 16
mAP: 0.2966666666666667 

128 7 1
mAP: 0.278 

128 7 2
mAP: 0.278 

128 7 4
mAP: 0.2833333333333333 

128 7 16
mAP: 0.328 

##############################################################

16 15 1
mAP: 0.07133333333333333 

16 15 2
mAP: 0.07133333333333333 

16 15 4
mAP: 0.12266666666666666 

16 15 16
mAP: 0.122 

32 15 1
mAP: 0.098 

32 15 2
mAP: 0.098 

32 15 4
mAP: 0.19133333333333333 

32 15 16
mAP: 0.19733333333333333 

64 15 1
mAP: 0.15066666666666667 

64 15 2
mAP: 0.15066666666666667 

64 15 4
mAP: 0.21333333333333335 

64 15 16
mAP: 0.26066666666666666 

128 15 1
mAP: 0.19 

128 15 2
mAP: 0.19 

128 15 4
mAP: 0.24666666666666667 

128 15 16
mAP: 0.29133333333333333 

